1,1,538.4483642578125,118.72037506103516,109.6573486328125,290.8291320800781,-1,-1,-1,-1
2,1,527.2348022460938,120.85042572021484,114.19415283203125,286.2617492675781,-1,-1,-1,-1
3,1,532.8721923828125,123.49876403808594,103.6453857421875,278.33026123046875,-1,-1,-1,-1
4,1,533.1671142578125,124.22313690185547,104.64410400390625,276.77197265625,-1,-1,-1,-1
5,1,531.9513549804688,123.60169982910156,111.277587890625,286.97088623046875,-1,-1,-1,-1
1,2,552.7969360351562,110.48401641845703,240.18780517578125,321.12554931640625,-1,-1,-1,-1
2,2,583.5709228515625,115.37923431396484,213.62060546875,318.8360900878906,-1,-1,-1,-1
3,2,577.941650390625,111.65789031982422,214.2890625,319.781494140625,-1,-1,-1,-1
4,2,578.415283203125,111.04467010498047,213.8297119140625,318.9317321777344,-1,-1,-1,-1
5,2,565.380126953125,106.55199432373047,150.525146484375,308.4774169921875,-1,-1,-1,-1
6,2,568.4068603515625,101.5265121459961,142.24969482421875,315.93719482421875,-1,-1,-1,-1
7,2,552.718505859375,98.01189422607422,155.49090576171875,320.2191162109375,-1,-1,-1,-1
8,2,540.3742065429688,97.95624542236328,166.63665771484375,319.20703125,-1,-1,-1,-1
9,2,534.392578125,97.912353515625,167.299072265625,321.41790771484375,-1,-1,-1,-1
10,2,534.005615234375,97.69952392578125,167.35382080078125,321.60845947265625,-1,-1,-1,-1
11,2,541.1204833984375,99.95037078857422,168.9742431640625,319.4404296875,-1,-1,-1,-1
12,2,539.4685668945312,103.1687240600586,177.7437744140625,316.714111328125,-1,-1,-1,-1
13,2,546.1683959960938,104.71513366699219,165.36102294921875,315.98358154296875,-1,-1,-1,-1
14,2,549.900390625,108.12605285644531,161.54443359375,305.1640625,-1,-1,-1,-1
15,2,553.75341796875,111.8010025024414,163.07513427734375,309.5752258300781,-1,-1,-1,-1
16,2,553.383544921875,112.12353515625,164.17279052734375,311.18157958984375,-1,-1,-1,-1
17,2,544.8497314453125,121.41704559326172,174.4451904296875,304.0675354003906,-1,-1,-1,-1
18,2,553.6947631835938,121.78118896484375,166.04931640625,296.9985046386719,-1,-1,-1,-1
19,2,553.47607421875,122.00840759277344,164.28167724609375,300.804931640625,-1,-1,-1,-1
20,2,549.0150756835938,118.49121856689453,171.15093994140625,313.39923095703125,-1,-1,-1,-1
21,2,540.6917114257812,118.307861328125,183.03533935546875,318.0472106933594,-1,-1,-1,-1
22,2,540.2100830078125,118.30302429199219,182.97515869140625,316.79888916015625,-1,-1,-1,-1
23,2,534.872802734375,124.53227233886719,183.6314697265625,312.0361328125,-1,-1,-1,-1
24,2,526.8191528320312,122.4822006225586,178.62982177734375,315.9836730957031,-1,-1,-1,-1
25,2,522.8390502929688,122.33538818359375,178.25640869140625,316.5732116699219,-1,-1,-1,-1
26,2,518.5015869140625,122.97856140136719,155.881103515625,317.23455810546875,-1,-1,-1,-1
27,2,498.8186340332031,127.32804107666016,146.54660034179688,313.5692443847656,-1,-1,-1,-1
28,2,498.2631530761719,131.41146850585938,133.59030151367188,309.5639953613281,-1,-1,-1,-1
29,2,501.18682861328125,128.0836410522461,155.534912109375,313.78619384765625,-1,-1,-1,-1
30,2,489.4627990722656,122.38619995117188,160.18222045898438,319.3033752441406,-1,-1,-1,-1
31,2,464.03076171875,119.63838195800781,169.20086669921875,323.40362548828125,-1,-1,-1,-1
32,2,464.1138610839844,121.20088958740234,183.84469604492188,322.1711730957031,-1,-1,-1,-1
33,2,463.0108337402344,122.53451538085938,189.30056762695312,323.6304626464844,-1,-1,-1,-1
34,2,463.18463134765625,123.17475891113281,188.02301025390625,323.41778564453125,-1,-1,-1,-1
35,2,468.0722961425781,129.64903259277344,184.02413940429688,318.9385986328125,-1,-1,-1,-1
36,2,466.68670654296875,129.4510040283203,174.110595703125,320.417724609375,-1,-1,-1,-1
37,2,480.7680358886719,130.075927734375,158.80203247070312,320.579833984375,-1,-1,-1,-1
38,2,466.88763427734375,128.70906829833984,168.488037109375,323.4336242675781,-1,-1,-1,-1
39,2,462.20465087890625,125.0780029296875,183.17364501953125,328.835205078125,-1,-1,-1,-1
40,2,461.7820129394531,124.5282211303711,183.62857055664062,329.17083740234375,-1,-1,-1,-1
41,2,468.0504455566406,120.78575134277344,186.14620971679688,333.73699951171875,-1,-1,-1,-1
42,2,465.6087341308594,120.51864624023438,208.99063110351562,333.90234375,-1,-1,-1,-1
43,2,466.8948974609375,119.9706039428711,212.9024658203125,334.5789489746094,-1,-1,-1,-1
44,2,453.209228515625,122.98355865478516,217.3878173828125,332.46160888671875,-1,-1,-1,-1
45,2,470.2047119140625,125.2660903930664,211.65618896484375,329.1761779785156,-1,-1,-1,-1
46,2,469.7977294921875,125.21049499511719,213.5042724609375,328.994140625,-1,-1,-1,-1
47,2,465.0676574707031,128.75340270996094,218.71218872070312,324.62353515625,-1,-1,-1,-1
48,2,464.6982421875,134.08157348632812,212.6710205078125,315.5265808105469,-1,-1,-1,-1
49,2,473.0968933105469,137.96859741210938,194.71975708007812,300.8323669433594,-1,-1,-1,-1
50,2,468.1256103515625,140.9303436279297,197.031982421875,311.7122802734375,-1,-1,-1,-1
51,2,460.1873779296875,141.07069396972656,205.78717041015625,314.85491943359375,-1,-1,-1,-1
52,2,459.7320556640625,141.04627990722656,206.60845947265625,314.5084228515625,-1,-1,-1,-1
53,2,455.6379089355469,142.4316864013672,212.72866821289062,295.915771484375,-1,-1,-1,-1
54,2,460.0772705078125,140.61924743652344,208.9404296875,298.82000732421875,-1,-1,-1,-1
55,2,451.55126953125,139.71348571777344,206.4512939453125,298.19586181640625,-1,-1,-1,-1
56,2,457.79571533203125,139.84498596191406,198.9466552734375,286.7506103515625,-1,-1,-1,-1
57,2,457.5724182128906,138.77603149414062,191.70016479492188,320.9205017089844,-1,-1,-1,-1
58,2,457.5092468261719,138.57666015625,191.21170043945312,322.5679931640625,-1,-1,-1,-1
59,2,454.5025634765625,139.30397033691406,183.8489990234375,322.540283203125,-1,-1,-1,-1
60,2,456.18682861328125,139.9644317626953,173.47589111328125,320.98291015625,-1,-1,-1,-1
61,2,461.81512451171875,140.28097534179688,171.59930419921875,321.9646911621094,-1,-1,-1,-1
62,2,463.185302734375,140.9575653076172,175.78033447265625,320.37457275390625,-1,-1,-1,-1
63,2,496.74737548828125,144.98141479492188,151.95452880859375,305.24822998046875,-1,-1,-1,-1
64,2,508.67681884765625,146.34881591796875,141.14202880859375,299.8939208984375,-1,-1,-1,-1
65,2,513.0086059570312,145.57504272460938,136.31890869140625,300.0660095214844,-1,-1,-1,-1
66,2,519.7373046875,152.51217651367188,127.29296875,294.4070739746094,-1,-1,-1,-1
67,2,523.191650390625,154.2913055419922,127.63763427734375,291.756103515625,-1,-1,-1,-1
68,2,528.4689331054688,157.97589111328125,122.38983154296875,288.20660400390625,-1,-1,-1,-1
69,2,533.2726440429688,159.212890625,117.59033203125,291.0838928222656,-1,-1,-1,-1
70,2,533.3711547851562,159.3505096435547,117.53839111328125,291.22467041015625,-1,-1,-1,-1
71,2,535.808349609375,158.64093017578125,113.49755859375,292.8524475097656,-1,-1,-1,-1
72,2,536.56787109375,160.58944702148438,110.89483642578125,290.9813232421875,-1,-1,-1,-1
73,2,539.4471435546875,161.4752197265625,103.2762451171875,289.83251953125,-1,-1,-1,-1
74,2,539.1240234375,161.48822021484375,105.37408447265625,290.0293273925781,-1,-1,-1,-1
75,2,540.9834594726562,163.23475646972656,100.61529541015625,290.49212646484375,-1,-1,-1,-1
76,2,541.0513305664062,162.9357452392578,100.5753173828125,290.9132080078125,-1,-1,-1,-1
77,2,540.3785400390625,160.846435546875,99.30047607421875,293.52239990234375,-1,-1,-1,-1
78,2,539.6657104492188,160.34201049804688,100.0086669921875,294.7669372558594,-1,-1,-1,-1
79,2,539.9631958007812,161.22059631347656,98.67840576171875,293.66632080078125,-1,-1,-1,-1
80,2,537.8528442382812,158.14404296875,102.2259521484375,297.96148681640625,-1,-1,-1,-1
81,2,530.1382446289062,155.47943115234375,109.87652587890625,297.9474182128906,-1,-1,-1,-1
82,2,529.6803588867188,157.49208068847656,109.9544677734375,292.0751953125,-1,-1,-1,-1
83,2,528.1737060546875,159.14712524414062,103.390869140625,286.7165832519531,-1,-1,-1,-1
84,2,533.1051025390625,171.439208984375,99.86383056640625,284.94305419921875,-1,-1,-1,-1
85,2,530.670654296875,173.3083953857422,100.486083984375,283.8408203125,-1,-1,-1,-1
86,2,526.720458984375,174.29135131835938,103.26568603515625,283.697021484375,-1,-1,-1,-1
87,2,525.5386352539062,175.32974243164062,102.90380859375,282.30804443359375,-1,-1,-1,-1
88,2,524.321533203125,175.34768676757812,104.28948974609375,282.2943115234375,-1,-1,-1,-1
89,2,514.6072998046875,174.48814392089844,109.22015380859375,283.9752197265625,-1,-1,-1,-1
90,2,505.7825622558594,173.66859436035156,112.60012817382812,290.09759521484375,-1,-1,-1,-1
91,2,502.7349548339844,174.88287353515625,112.69631958007812,278.2547302246094,-1,-1,-1,-1
92,2,488.8491516113281,176.46873474121094,150.05770874023438,271.487548828125,-1,-1,-1,-1
2,3,483.48345947265625,155.9201202392578,98.60809326171875,225.2555694580078,-1,-1,-1,-1
3,3,477.2279052734375,152.7869415283203,93.6236572265625,227.0074005126953,-1,-1,-1,-1
4,3,477.229248046875,154.38723754882812,91.65887451171875,221.41116333007812,-1,-1,-1,-1
5,3,499.375244140625,139.35765075683594,110.2972412109375,245.2542266845703,-1,-1,-1,-1
6,3,531.0430908203125,126.72991180419922,93.193603515625,267.38470458984375,-1,-1,-1,-1
7,3,531.2010498046875,126.284423828125,96.80078125,264.7759094238281,-1,-1,-1,-1
8,3,531.07275390625,126.35799407958984,102.910400390625,273.0351257324219,-1,-1,-1,-1
3,4,562.090087890625,110.55877685546875,140.8514404296875,302.2258605957031,-1,-1,-1,-1
4,4,563.0306396484375,111.17375183105469,150.39111328125,302.374267578125,-1,-1,-1,-1
7,5,676.4682006835938,119.99773406982422,126.36865234375,323.7608337402344,-1,-1,-1,-1
8,5,679.736572265625,119.99533081054688,128.80548095703125,324.7174377441406,-1,-1,-1,-1
9,5,685.4302368164062,121.71209716796875,123.52545166015625,325.0738220214844,-1,-1,-1,-1
10,5,685.9810180664062,122.0981216430664,123.002685546875,325.1450500488281,-1,-1,-1,-1
11,5,677.273193359375,120.59408569335938,130.7491455078125,326.9723815917969,-1,-1,-1,-1
12,5,674.1146850585938,119.03845977783203,130.56500244140625,330.5765686035156,-1,-1,-1,-1
13,5,674.8673095703125,118.9935073852539,123.91949462890625,331.3367614746094,-1,-1,-1,-1
14,5,667.8020629882812,117.84638977050781,132.05633544921875,332.7476806640625,-1,-1,-1,-1
15,5,661.3850708007812,118.9017333984375,135.77874755859375,333.7484436035156,-1,-1,-1,-1
16,5,661.1874389648438,118.81482696533203,135.73590087890625,334.1707763671875,-1,-1,-1,-1
17,5,662.7578735351562,120.67761993408203,140.85260009765625,334.6673278808594,-1,-1,-1,-1
18,5,666.36279296875,120.054931640625,165.12078857421875,334.96295166015625,-1,-1,-1,-1
19,5,659.0270385742188,121.16365051269531,169.046875,336.34228515625,-1,-1,-1,-1
20,5,649.8235473632812,121.87950897216797,167.529541015625,338.58111572265625,-1,-1,-1,-1
21,5,649.5758056640625,123.05736541748047,167.03656005859375,329.5907287597656,-1,-1,-1,-1
22,5,650.2752075195312,122.9192123413086,167.47247314453125,326.7537536621094,-1,-1,-1,-1
23,5,644.32568359375,125.36426544189453,173.3128662109375,339.0009460449219,-1,-1,-1,-1
24,5,639.3492431640625,127.30046081542969,168.5662841796875,339.28411865234375,-1,-1,-1,-1
25,5,634.2192993164062,121.6993408203125,179.47308349609375,346.1195983886719,-1,-1,-1,-1
26,5,648.4603271484375,124.2284927368164,172.3922119140625,344.3249206542969,-1,-1,-1,-1
27,5,651.998291015625,123.85962677001953,177.91302490234375,346.6528015136719,-1,-1,-1,-1
28,5,651.8126220703125,121.65437316894531,181.44891357421875,349.1331787109375,-1,-1,-1,-1
29,5,658.7960815429688,120.74420928955078,173.97149658203125,349.44891357421875,-1,-1,-1,-1
30,5,669.2772827148438,119.77047729492188,170.51873779296875,350.720458984375,-1,-1,-1,-1
31,5,678.254150390625,117.02906036376953,165.5340576171875,354.30084228515625,-1,-1,-1,-1
32,5,691.5697631835938,119.30473327636719,161.13140869140625,351.81951904296875,-1,-1,-1,-1
33,5,700.9068603515625,119.82207489013672,152.42730712890625,354.1809997558594,-1,-1,-1,-1
34,5,700.89697265625,119.9661865234375,152.8902587890625,354.1949462890625,-1,-1,-1,-1
35,5,715.2659912109375,118.01651000976562,145.82818603515625,356.1092834472656,-1,-1,-1,-1
36,5,721.2142333984375,122.87154388427734,144.990478515625,353.1729431152344,-1,-1,-1,-1
37,5,728.7642822265625,117.05450439453125,140.07470703125,359.4176330566406,-1,-1,-1,-1
38,5,732.1663208007812,119.83782196044922,144.699951171875,357.7145690917969,-1,-1,-1,-1
39,5,738.6635131835938,121.58387756347656,144.08868408203125,353.9110107421875,-1,-1,-1,-1
40,5,738.9576416015625,121.7956771850586,144.26806640625,353.2142333984375,-1,-1,-1,-1
41,5,746.5608520507812,123.38460540771484,142.258544921875,354.07513427734375,-1,-1,-1,-1
42,5,750.8870239257812,126.47377014160156,140.31744384765625,352.13134765625,-1,-1,-1,-1
43,5,756.1884765625,128.4109344482422,144.301025390625,352.695556640625,-1,-1,-1,-1
44,5,760.0960693359375,132.7144775390625,138.268798828125,348.6377258300781,-1,-1,-1,-1
45,5,773.5029907226562,133.52642822265625,125.99737548828125,348.26373291015625,-1,-1,-1,-1
9,6,432.1504821777344,153.36595153808594,113.62130737304688,230.4183807373047,-1,-1,-1,-1
10,6,432.58203125,158.1669464111328,109.5511474609375,224.36830139160156,-1,-1,-1,-1
11,6,437.3766784667969,152.095458984375,112.16531372070312,231.13665771484375,-1,-1,-1,-1
14,7,512.5507507324219,119.96846008300781,88.28781127929688,261.38134765625,-1,-1,-1,-1
15,7,495.1040344238281,117.32675170898438,104.91665649414062,272.5606994628906,-1,-1,-1,-1
16,7,491.4579162597656,117.83094024658203,107.80557250976562,271.5485534667969,-1,-1,-1,-1
17,7,489.7675476074219,117.82865905761719,102.46932983398438,273.20050048828125,-1,-1,-1,-1
14,8,435.97808837890625,208.7712860107422,101.6380615234375,176.03050231933594,-1,-1,-1,-1
15,8,431.8433532714844,154.56002807617188,110.86557006835938,232.2503662109375,-1,-1,-1,-1
16,8,429.57952880859375,125.10340881347656,114.37078857421875,262.11590576171875,-1,-1,-1,-1
17,8,453.3672790527344,116.31829071044922,137.13510131835938,271.9217834472656,-1,-1,-1,-1
18,8,465.9188537597656,115.30305480957031,126.92184448242188,277.8546142578125,-1,-1,-1,-1
19,8,448.89739990234375,115.67322540283203,141.1375732421875,281.5305480957031,-1,-1,-1,-1
20,8,428.5567626953125,115.59059143066406,157.3861083984375,282.44317626953125,-1,-1,-1,-1
21,8,424.74481201171875,116.0685043334961,156.51898193359375,282.3843078613281,-1,-1,-1,-1
22,8,424.788330078125,116.14717102050781,155.99761962890625,282.29302978515625,-1,-1,-1,-1
23,8,430.7767333984375,118.01356506347656,136.96527099609375,283.92572021484375,-1,-1,-1,-1
24,8,419.638916015625,120.11256408691406,140.96588134765625,281.38720703125,-1,-1,-1,-1
25,8,412.4324951171875,121.26851654052734,136.9180908203125,282.2355041503906,-1,-1,-1,-1
26,8,400.4949035644531,122.53440856933594,144.54928588867188,281.93988037109375,-1,-1,-1,-1
27,8,416.7432861328125,123.28337860107422,125.42108154296875,282.2229309082031,-1,-1,-1,-1
28,8,418.4169616699219,123.1085433959961,122.99948120117188,282.5686340332031,-1,-1,-1,-1
29,8,402.81890869140625,123.38821411132812,133.39215087890625,281.7089538574219,-1,-1,-1,-1
30,8,400.3160400390625,123.12830352783203,131.62591552734375,282.34228515625,-1,-1,-1,-1
31,8,407.5683288574219,121.79156494140625,125.97012329101562,284.4580993652344,-1,-1,-1,-1
32,8,393.4436950683594,121.27809143066406,137.06820678710938,282.4520263671875,-1,-1,-1,-1
33,8,407.42620849609375,121.57508850097656,113.14453125,284.176513671875,-1,-1,-1,-1
34,8,407.5726318359375,121.37429809570312,112.20257568359375,284.5116271972656,-1,-1,-1,-1
35,8,411.3675842285156,123.46558380126953,96.980224609375,281.7366027832031,-1,-1,-1,-1
36,8,411.3140563964844,124.5073471069336,101.982666015625,282.7521057128906,-1,-1,-1,-1
37,8,410.846435546875,125.70458984375,115.72357177734375,304.6205749511719,-1,-1,-1,-1
38,8,407.8455810546875,127.69742584228516,116.58563232421875,310.37591552734375,-1,-1,-1,-1
39,8,399.34783935546875,129.50479125976562,110.30694580078125,279.8681640625,-1,-1,-1,-1
40,8,394.13397216796875,130.12060546875,111.87973022460938,273.84613037109375,-1,-1,-1,-1
41,8,387.13409423828125,129.04176330566406,116.56771850585938,274.16082763671875,-1,-1,-1,-1
42,8,370.33355712890625,129.4202880859375,125.15933227539062,267.8910217285156,-1,-1,-1,-1
43,8,358.0628356933594,128.9034194946289,127.719970703125,268.6171875,-1,-1,-1,-1
44,8,360.0728454589844,129.2980194091797,131.8892822265625,268.946533203125,-1,-1,-1,-1
45,8,395.425048828125,127.27143859863281,102.86050415039062,284.39361572265625,-1,-1,-1,-1
46,8,397.1272888183594,126.93873596191406,99.64608764648438,285.5751953125,-1,-1,-1,-1
47,8,390.5823669433594,125.37635803222656,99.59039306640625,287.78350830078125,-1,-1,-1,-1
48,8,384.3987731933594,125.54330444335938,108.24130249023438,288.2862854003906,-1,-1,-1,-1
49,8,366.41131591796875,126.73355865478516,117.18917846679688,290.4522705078125,-1,-1,-1,-1
50,8,365.4739990234375,128.08943939208984,120.2010498046875,288.052978515625,-1,-1,-1,-1
51,8,363.27447509765625,130.62156677246094,120.58892822265625,287.33489990234375,-1,-1,-1,-1
52,8,362.5435791015625,130.85614013671875,121.6610107421875,287.3275451660156,-1,-1,-1,-1
53,8,356.12872314453125,132.5036163330078,126.025146484375,287.0045166015625,-1,-1,-1,-1
54,8,356.8529357910156,136.39483642578125,123.80426025390625,283.34906005859375,-1,-1,-1,-1
55,8,351.9764099121094,140.5811309814453,120.02444458007812,279.816162109375,-1,-1,-1,-1
56,8,346.324462890625,143.4310302734375,121.4906005859375,276.87823486328125,-1,-1,-1,-1
57,8,347.424072265625,145.30787658691406,116.865234375,275.73223876953125,-1,-1,-1,-1
58,8,347.2569580078125,145.33465576171875,116.62652587890625,275.6423034667969,-1,-1,-1,-1
59,8,339.65093994140625,145.65904235839844,128.99713134765625,277.411865234375,-1,-1,-1,-1
60,8,352.567626953125,146.1488494873047,116.30615234375,277.2713623046875,-1,-1,-1,-1
61,8,355.8132629394531,146.78036499023438,115.75213623046875,275.608642578125,-1,-1,-1,-1
62,8,361.837890625,148.25115966796875,112.9039306640625,265.5356750488281,-1,-1,-1,-1
63,8,370.2950744628906,148.7410125732422,102.32522583007812,257.9854736328125,-1,-1,-1,-1
64,8,371.0802917480469,148.88278198242188,101.47561645507812,257.648681640625,-1,-1,-1,-1
65,8,362.65289306640625,148.95310974121094,110.54354858398438,274.88299560546875,-1,-1,-1,-1
66,8,357.4801330566406,151.1061248779297,117.63192749023438,274.12799072265625,-1,-1,-1,-1
67,8,359.3517150878906,154.35006713867188,117.01409912109375,271.64031982421875,-1,-1,-1,-1
68,8,370.8834228515625,157.058837890625,106.89727783203125,268.4609375,-1,-1,-1,-1
69,8,379.7100524902344,160.853515625,102.70379638671875,262.8403015136719,-1,-1,-1,-1
70,8,379.0562744140625,161.86898803710938,107.39578247070312,271.02252197265625,-1,-1,-1,-1
71,8,392.5405578613281,161.50369262695312,124.36123657226562,281.9866638183594,-1,-1,-1,-1
31,9,366.7613830566406,154.13450622558594,102.1649169921875,245.0607452392578,-1,-1,-1,-1
32,9,372.0326843261719,154.62327575683594,104.2086181640625,245.29908752441406,-1,-1,-1,-1
33,9,376.9576110839844,156.4241943359375,88.4503173828125,245.71871948242188,-1,-1,-1,-1
34,9,377.4880676269531,156.49595642089844,87.1190185546875,246.4233856201172,-1,-1,-1,-1
35,9,373.2713623046875,159.89022827148438,85.54351806640625,242.59832763671875,-1,-1,-1,-1
36,9,374.625244140625,162.64027404785156,79.13531494140625,220.3999481201172,-1,-1,-1,-1
37,9,369.368896484375,163.2974090576172,85.23126220703125,230.1997528076172,-1,-1,-1,-1
38,9,364.2933044433594,163.7940673828125,94.7109375,230.53070068359375,-1,-1,-1,-1
39,9,359.1705017089844,163.59043884277344,99.38302612304688,231.6678009033203,-1,-1,-1,-1
40,9,358.45391845703125,163.84889221191406,101.07470703125,231.7011260986328,-1,-1,-1,-1
41,9,356.37152099609375,130.26939392089844,117.54592895507812,267.112548828125,-1,-1,-1,-1
42,9,355.78009033203125,129.34849548339844,129.786376953125,266.74639892578125,-1,-1,-1,-1
45,10,353.5938415527344,164.8223876953125,87.09222412109375,230.72531127929688,-1,-1,-1,-1
46,10,352.6524963378906,165.26934814453125,87.36785888671875,229.78860473632812,-1,-1,-1,-1
47,10,354.68115234375,167.1665496826172,82.23687744140625,229.31922912597656,-1,-1,-1,-1
48,10,347.6127014160156,166.84747314453125,84.73251342773438,229.67578125,-1,-1,-1,-1
49,10,337.0290832519531,168.04885864257812,92.12451171875,221.57437133789062,-1,-1,-1,-1
50,10,329.72943115234375,166.21253967285156,91.60617065429688,225.5819549560547,-1,-1,-1,-1
51,10,328.7197265625,167.05540466308594,81.9322509765625,216.5246124267578,-1,-1,-1,-1
52,10,329.1076354980469,167.74534606933594,77.85983276367188,195.25819396972656,-1,-1,-1,-1
53,10,329.1037902832031,167.5148468017578,84.01681518554688,231.03489685058594,-1,-1,-1,-1
54,10,329.22369384765625,168.2911376953125,90.54788208007812,239.20681762695312,-1,-1,-1,-1
55,10,329.7806396484375,169.18594360351562,94.1268310546875,244.76300048828125,-1,-1,-1,-1
56,10,328.3551940917969,169.68634033203125,97.35794067382812,245.8756103515625,-1,-1,-1,-1
57,10,324.34759521484375,173.11004638671875,86.69076538085938,240.20526123046875,-1,-1,-1,-1
58,10,325.6617431640625,172.9125213623047,82.5814208984375,237.5419158935547,-1,-1,-1,-1
59,10,317.8079833984375,172.90428161621094,90.36798095703125,235.80198669433594,-1,-1,-1,-1
60,10,310.56365966796875,179.544189453125,92.61111450195312,224.48687744140625,-1,-1,-1,-1
61,10,307.0101318359375,177.47268676757812,94.61944580078125,228.62030029296875,-1,-1,-1,-1
62,10,302.1040954589844,177.73118591308594,94.56771850585938,227.49241638183594,-1,-1,-1,-1
63,10,299.3959655761719,179.2274627685547,87.65029907226562,227.17909240722656,-1,-1,-1,-1
64,10,299.69671630859375,179.29315185546875,87.02706909179688,227.07546997070312,-1,-1,-1,-1
65,10,298.2663269042969,180.1919403076172,96.23007202148438,228.2241668701172,-1,-1,-1,-1
66,10,297.08831787109375,181.9315185546875,111.23446655273438,227.9610595703125,-1,-1,-1,-1
67,10,289.9219665527344,184.26727294921875,104.48275756835938,226.10296630859375,-1,-1,-1,-1
68,10,287.02532958984375,186.7231903076172,94.6798095703125,223.07240295410156,-1,-1,-1,-1
69,10,283.1793212890625,185.8408966064453,105.63034057617188,224.63197326660156,-1,-1,-1,-1
70,10,283.4251708984375,185.3998565673828,104.44158935546875,225.02784729003906,-1,-1,-1,-1
71,10,282.49737548828125,191.72689819335938,108.60736083984375,221.13919067382812,-1,-1,-1,-1
72,10,281.662109375,193.1367645263672,110.2181396484375,220.0681610107422,-1,-1,-1,-1
73,10,284.6122741699219,197.65756225585938,114.24673461914062,216.26193237304688,-1,-1,-1,-1
74,10,280.04278564453125,194.36740112304688,121.92559814453125,218.36358642578125,-1,-1,-1,-1
75,10,286.187255859375,198.46058654785156,111.52139282226562,214.67445373535156,-1,-1,-1,-1
76,10,287.32977294921875,205.1484375,108.93536376953125,207.85369873046875,-1,-1,-1,-1
77,10,296.6983947753906,207.7822265625,106.35888671875,206.44015502929688,-1,-1,-1,-1
78,10,304.6929016113281,206.3209991455078,100.04067993164062,209.1804962158203,-1,-1,-1,-1
79,10,309.5740051269531,186.25485229492188,100.55267333984375,231.46438598632812,-1,-1,-1,-1
80,10,319.4566650390625,187.95382690429688,90.01327514648438,231.76791381835938,-1,-1,-1,-1
81,10,303.62359619140625,185.7646942138672,88.322998046875,233.43321228027344,-1,-1,-1,-1
82,10,302.91888427734375,178.1757354736328,88.1497802734375,241.3249053955078,-1,-1,-1,-1
83,10,299.0209045410156,166.4140625,92.5618896484375,254.29498291015625,-1,-1,-1,-1
84,10,293.0635681152344,176.09060668945312,95.422607421875,244.29159545898438,-1,-1,-1,-1
85,10,291.6367492675781,182.53741455078125,97.68496704101562,237.01385498046875,-1,-1,-1,-1
86,10,291.18328857421875,171.06517028808594,92.83883666992188,251.6073455810547,-1,-1,-1,-1
87,10,287.1325988769531,171.3197784423828,100.65872192382812,252.84654235839844,-1,-1,-1,-1
88,10,286.47747802734375,169.4132080078125,102.20574951171875,255.25006103515625,-1,-1,-1,-1
89,10,291.03515625,183.03237915039062,98.6080322265625,242.26480102539062,-1,-1,-1,-1
90,10,300.491943359375,192.6282958984375,100.3367919921875,233.89865112304688,-1,-1,-1,-1
91,10,300.5672607421875,199.8187713623047,89.47784423828125,226.5925750732422,-1,-1,-1,-1
92,10,297.79046630859375,202.00750732421875,101.6484375,224.37152099609375,-1,-1,-1,-1
93,10,307.4500732421875,206.0638885498047,104.34976196289062,221.2112579345703,-1,-1,-1,-1
94,10,308.9140625,199.4169921875,105.1776123046875,228.77163696289062,-1,-1,-1,-1
95,10,318.5251770019531,196.23533630371094,120.50692749023438,231.87586975097656,-1,-1,-1,-1
96,10,331.6469421386719,195.91526794433594,117.18643188476562,236.2429656982422,-1,-1,-1,-1
97,10,368.75274658203125,200.75526428222656,104.1832275390625,238.67381286621094,-1,-1,-1,-1
47,11,761.763916015625,135.3378448486328,139.6864013671875,345.828125,-1,-1,-1,-1
48,11,757.3668212890625,136.78074645996094,142.2940673828125,345.2276611328125,-1,-1,-1,-1
49,11,756.3618774414062,136.29782104492188,140.243896484375,345.44207763671875,-1,-1,-1,-1
50,11,755.470947265625,136.51597595214844,140.7772216796875,346.74627685546875,-1,-1,-1,-1
51,11,752.2714233398438,136.53602600097656,151.98419189453125,348.47900390625,-1,-1,-1,-1
52,11,752.1776123046875,136.5690155029297,152.8671875,348.46514892578125,-1,-1,-1,-1
53,11,749.984375,131.78604125976562,168.88726806640625,354.37457275390625,-1,-1,-1,-1
54,11,745.1869506835938,114.65008544921875,180.7064208984375,373.1310119628906,-1,-1,-1,-1
55,11,741.8413696289062,129.75318908691406,178.55718994140625,357.53753662109375,-1,-1,-1,-1
56,11,737.194580078125,141.18515014648438,183.69140625,343.820556640625,-1,-1,-1,-1
57,11,731.2032470703125,116.15538787841797,191.101806640625,368.1787109375,-1,-1,-1,-1
58,11,731.1607666015625,117.39476013183594,190.9169921875,366.1400146484375,-1,-1,-1,-1
59,11,724.0776977539062,153.6773223876953,192.85150146484375,331.76715087890625,-1,-1,-1,-1
60,11,710.9340209960938,163.9027862548828,195.368896484375,323.86346435546875,-1,-1,-1,-1
61,11,703.49072265625,166.03280639648438,201.0399169921875,319.9200134277344,-1,-1,-1,-1
62,11,699.60693359375,165.29971313476562,204.331298828125,323.7767028808594,-1,-1,-1,-1
63,11,697.8847045898438,139.98385620117188,213.05169677734375,352.6574401855469,-1,-1,-1,-1
64,11,697.787109375,138.76551818847656,215.5018310546875,355.84906005859375,-1,-1,-1,-1
65,11,701.0194091796875,183.8736572265625,197.36273193359375,310.3702697753906,-1,-1,-1,-1
66,11,700.343505859375,185.6721954345703,199.37554931640625,309.7703857421875,-1,-1,-1,-1
67,11,710.8641357421875,185.9821014404297,191.43194580078125,310.30780029296875,-1,-1,-1,-1
68,11,723.355224609375,189.20150756835938,185.0972900390625,307.6842041015625,-1,-1,-1,-1
69,11,733.0206298828125,130.5030975341797,187.0838623046875,368.99755859375,-1,-1,-1,-1
70,11,734.3361206054688,130.09649658203125,184.46630859375,369.87908935546875,-1,-1,-1,-1
71,11,748.8548583984375,132.2041778564453,167.71844482421875,369.13238525390625,-1,-1,-1,-1
72,11,765.62548828125,134.31686401367188,163.4310302734375,367.469482421875,-1,-1,-1,-1
73,11,784.235595703125,134.4012908935547,157.239501953125,367.65081787109375,-1,-1,-1,-1
74,11,796.144775390625,145.94210815429688,153.558349609375,356.4050598144531,-1,-1,-1,-1
75,11,807.3421630859375,186.31484985351562,151.2618408203125,316.21697998046875,-1,-1,-1,-1
76,11,809.1204833984375,189.1407470703125,149.19671630859375,312.9419250488281,-1,-1,-1,-1
77,11,816.67578125,189.0609130859375,151.0311279296875,312.950439453125,-1,-1,-1,-1
78,11,824.5439453125,179.80462646484375,147.4259033203125,325.554931640625,-1,-1,-1,-1
79,11,826.8862915039062,179.9793701171875,161.01708984375,325.42218017578125,-1,-1,-1,-1
80,11,817.005859375,167.5226593017578,166.90240478515625,340.5440673828125,-1,-1,-1,-1
81,11,836.0289916992188,171.61935424804688,158.80731201171875,337.2335205078125,-1,-1,-1,-1
82,11,836.1093139648438,168.32785034179688,159.89312744140625,341.24041748046875,-1,-1,-1,-1
83,11,832.2352294921875,148.6728973388672,172.42498779296875,364.18206787109375,-1,-1,-1,-1
84,11,836.79052734375,161.64576721191406,170.7552490234375,351.2117919921875,-1,-1,-1,-1
85,11,828.7406005859375,170.71142578125,177.3931884765625,342.3108825683594,-1,-1,-1,-1
86,11,836.6787109375,165.56597900390625,165.66259765625,349.13189697265625,-1,-1,-1,-1
87,11,825.858154296875,156.95460510253906,172.7437744140625,358.27655029296875,-1,-1,-1,-1
88,11,823.9702758789062,152.8742218017578,174.2659912109375,362.4510498046875,-1,-1,-1,-1
89,11,819.9908447265625,211.0843048095703,169.8714599609375,303.390380859375,-1,-1,-1,-1
90,11,819.5181884765625,227.2595672607422,158.668212890625,287.72247314453125,-1,-1,-1,-1
91,11,815.81591796875,229.33851623535156,161.90728759765625,283.93450927734375,-1,-1,-1,-1
92,11,812.190673828125,230.69644165039062,165.3890380859375,281.6972351074219,-1,-1,-1,-1
93,11,810.923095703125,234.62684631347656,164.65966796875,276.255126953125,-1,-1,-1,-1
94,11,810.8643798828125,234.86399841308594,164.77587890625,275.7093505859375,-1,-1,-1,-1
95,11,806.7849731445312,233.33148193359375,172.55963134765625,277.4653625488281,-1,-1,-1,-1
96,11,799.9672241210938,229.3289031982422,176.63629150390625,281.64508056640625,-1,-1,-1,-1
97,11,797.1552734375,229.45420837402344,176.42767333984375,282.2958984375,-1,-1,-1,-1
98,11,792.5969848632812,220.45968627929688,171.75518798828125,292.17333984375,-1,-1,-1,-1
65,12,444.0981750488281,144.35855102539062,150.42752075195312,313.3847961425781,-1,-1,-1,-1
66,12,435.6432189941406,144.9789276123047,153.38510131835938,317.89276123046875,-1,-1,-1,-1
67,12,432.2399597167969,145.6279296875,155.98098754882812,315.7088317871094,-1,-1,-1,-1
68,12,427.4509582519531,145.92637634277344,156.43539428710938,313.71649169921875,-1,-1,-1,-1
69,12,409.29095458984375,146.50228881835938,170.186767578125,310.8808898925781,-1,-1,-1,-1
70,12,408.85113525390625,146.42825317382812,169.840576171875,311.0946960449219,-1,-1,-1,-1
71,12,406.7659912109375,146.97528076171875,161.96673583984375,303.35223388671875,-1,-1,-1,-1
72,12,417.8279724121094,147.66958618164062,145.58151245117188,304.2348327636719,-1,-1,-1,-1
73,12,412.55023193359375,146.73687744140625,146.18768310546875,297.52557373046875,-1,-1,-1,-1
74,12,397.49322509765625,146.48960876464844,158.50762939453125,315.42279052734375,-1,-1,-1,-1
75,12,396.1252746582031,146.5867919921875,153.96615600585938,313.0113830566406,-1,-1,-1,-1
76,12,393.8424072265625,146.47540283203125,156.06524658203125,312.0630187988281,-1,-1,-1,-1
77,12,379.6758117675781,146.0130615234375,157.34487915039062,311.87213134765625,-1,-1,-1,-1
78,12,380.3163757324219,144.57794189453125,149.87185668945312,320.5398254394531,-1,-1,-1,-1
79,12,389.0965881347656,145.8543243408203,136.70114135742188,319.816162109375,-1,-1,-1,-1
80,12,394.48663330078125,142.41546630859375,142.651611328125,329.6748352050781,-1,-1,-1,-1
81,12,398.3795166015625,143.74221801757812,137.39306640625,326.54241943359375,-1,-1,-1,-1
82,12,398.59295654296875,143.91835021972656,136.8072509765625,326.2982177734375,-1,-1,-1,-1
83,12,420.5877380371094,143.38446044921875,111.77102661132812,328.2936096191406,-1,-1,-1,-1
84,12,429.7358093261719,142.41859436035156,102.66830444335938,332.911376953125,-1,-1,-1,-1
85,12,429.6007995605469,143.45980834960938,104.55715942382812,335.3570556640625,-1,-1,-1,-1
86,12,427.47406005859375,144.8299560546875,116.49609375,331.6141052246094,-1,-1,-1,-1
87,12,431.108642578125,147.53428649902344,119.01116943359375,330.21417236328125,-1,-1,-1,-1
88,12,430.8751220703125,148.1170654296875,119.6318359375,329.0968933105469,-1,-1,-1,-1
89,12,431.6538391113281,151.63514709472656,125.98208618164062,330.0723876953125,-1,-1,-1,-1
90,12,408.8416748046875,154.0433807373047,165.40142822265625,329.73187255859375,-1,-1,-1,-1
91,12,399.93463134765625,159.2977752685547,183.470458984375,325.72711181640625,-1,-1,-1,-1
92,12,402.50347900390625,164.97508239746094,196.35052490234375,321.757568359375,-1,-1,-1,-1
93,12,404.74456787109375,171.6984100341797,226.76226806640625,318.41912841796875,-1,-1,-1,-1
94,12,402.70343017578125,171.84031677246094,230.94964599609375,318.6165771484375,-1,-1,-1,-1
95,12,409.74237060546875,175.160888671875,232.88458251953125,318.3929138183594,-1,-1,-1,-1
96,12,435.12786865234375,178.46286010742188,210.06475830078125,317.5308532714844,-1,-1,-1,-1
97,12,445.5661926269531,181.7305908203125,182.56417846679688,314.3931579589844,-1,-1,-1,-1
98,12,415.87042236328125,185.01910400390625,209.1763916015625,311.1760559082031,-1,-1,-1,-1
84,13,383.65362548828125,172.14678955078125,83.58169555664062,228.02423095703125,-1,-1,-1,-1
85,13,386.60205078125,170.09503173828125,85.31951904296875,228.91281127929688,-1,-1,-1,-1
86,13,385.3449401855469,169.7098388671875,84.39163208007812,228.00479125976562,-1,-1,-1,-1
87,13,385.5875549316406,169.4829864501953,88.80355834960938,230.5500946044922,-1,-1,-1,-1
88,13,385.63214111328125,169.41525268554688,89.03543090820312,231.24249267578125,-1,-1,-1,-1
89,13,391.81536865234375,168.94309997558594,85.18524169921875,244.27513122558594,-1,-1,-1,-1
90,13,389.9791259765625,170.33349609375,86.48046875,252.76852416992188,-1,-1,-1,-1
91,13,387.5987854003906,169.09039306640625,93.24234008789062,268.1250915527344,-1,-1,-1,-1
92,13,381.3906555175781,169.9502716064453,105.02267456054688,268.1446533203125,-1,-1,-1,-1
93,13,374.8911437988281,171.00173950195312,115.03067016601562,267.90203857421875,-1,-1,-1,-1
94,13,374.3911437988281,170.97998046875,115.41537475585938,268.0530700683594,-1,-1,-1,-1
95,13,370.7073059082031,172.25355529785156,114.74395751953125,266.3065185546875,-1,-1,-1,-1
96,13,372.4384460449219,173.72998046875,114.41439819335938,265.9225158691406,-1,-1,-1,-1
97,13,378.37322998046875,175.18087768554688,113.40121459960938,264.4913330078125,-1,-1,-1,-1
98,13,384.6209411621094,176.40989685058594,107.17684936523438,264.848876953125,-1,-1,-1,-1
